
power = 3422.96527334979
throughput = 2385.85
composite = 2857.74066308011
